f1 0.0으로 나오는 거 해결해야 됨

[1, 0.8, 0.5074676113715374, [[124, 17], [17, 12]], 0.8, 0.41379310344827586, 0.41379310344827586, 0.41379310344827586]
[2, 0.6823529411764706, 0.5997365015362573, [[99, 25], [29, 17]], 0.6823529411764706, 0.40476190476190477, 0.3695652173913043, 0.38636363636363635]
[3, 0.7058823529411765, 0.5548884469018951, [[112, 23], [27, 8]], 0.7058823529411765, 0.25806451612903225, 0.22857142857142856, 0.24242424242424246]
[4, 0.7705882352941177, 0.5417706626625716, [[123, 14], [25, 8]], 0.7705882352941177, 0.36363636363636365, 0.24242424242424243, 0.2909090909090909]
[5, 0.8352941176470589, 0.5089667634898953, [[138, 7], [21, 4]], 0.8352941176470589, 0.36363636363636365, 0.16, 0.2222222222222222]
[6, 0.9411764705882353, 0.3240687600421098, [[158, 3], [7, 2]], 0.9411764705882353, 0.4, 0.2222222222222222, 0.2857142857142857]
[7, 0.9529411764705882, 0.29089474917648644, [[162, 6], [2, 0]], 0.9529411764705882, 0.0, 0.0, 0.0]
[8, 0.8647058823529412, 0.43487475772176937, [[142, 15], [8, 5]], 0.8647058823529412, 0.25, 0.38461538461538464, 0.30303030303030304]
[9, 0.6, 0.6552950778593288, [[68, 26], [42, 34]], 0.6, 0.5666666666666667, 0.4473684210526316, 0.5]
[10, 0.9235294117647059, 0.32929780872936826, [[156, 4], [9, 1]], 0.9235294117647059, 0.2, 0.1, 0.13333333333333333]
[11, 0.9647058823529412, 0.2990020288001358, [[164, 2], [4, 0]], 0.9647058823529412, 0.0, 0.0, 0.0]
[12, 0.9823529411764705, 0.2990020288001358, [[167, 3], [0, 0]], 0.9823529411764705, 0.0, 0.0, 0.0]
[13, 0.9117647058823529, 0.33268589027629736, [[155, 9], [6, 0]], 0.9117647058823529, 0.0, 0.0, 0.0]
[14, 0.8588235294117647, 0.4412200385899932, [[144, 10], [14, 2]], 0.8588235294117647, 0.16666666666666666, 0.125, 0.14285714285714288]
[15, 0.7941176470588235, 0.5081218810047374, [[125, 21], [14, 10]], 0.7941176470588235, 0.3225806451612903, 0.4166666666666667, 0.3636363636363636]
[16, 0.7764705882352941, 0.5649499318268605, [[126, 14], [24, 6]], 0.7764705882352941, 0.3, 0.2, 0.24]
[17, 0.8058823529411765, 0.5101629315578383, [[129, 11], [22, 8]], 0.8058823529411765, 0.42105263157894735, 0.26666666666666666, 0.326530612244898]
[18, 0.7941176470588235, 0.5444926784200563, [[131, 9], [26, 4]], 0.7941176470588235, 0.3076923076923077, 0.13333333333333333, 0.18604651162790697]
[19, 0.9176470588235294, 0.41422078651773037, [[154, 1], [13, 2]], 0.9176470588235294, 0.6666666666666666, 0.13333333333333333, 0.2222222222222222]
[20, 0.7823529411764706, 0.5031961146961631, [[124, 20], [17, 9]], 0.7823529411764706, 0.3103448275862069, 0.34615384615384615, 0.32727272727272727]
[21, 0.7411764705882353, 0.5654414876562254, [[117, 20], [24, 9]], 0.7411764705882353, 0.3103448275862069, 0.2727272727272727, 0.2903225806451613]
[22, 0.9764705882352941, 0.2525581492221091, [[166, 2], [2, 0]], 0.9764705882352941, 0.0, 0.0, 0.0]
[23, 0.9941176470588236, 0.21084201338013983, [[169, 0], [1, 0]], 0.9941176470588236, 0.0, 0.0, 0.0]
[24, 0.9470588235294117, 0.32230400885748783, [[161, 5], [4, 0]], 0.9470588235294117, 0.0, 0.0, 0.0]
[25, 0.9764705882352941, 0.23372813484003405, [[166, 3], [1, 0]], 0.9764705882352941, 0.0, 0.0, 0.0]
[26, 0.5764705882352941, 0.6527703377534303, [[82, 35], [37, 16]], 0.5764705882352941, 0.3137254901960784, 0.3018867924528302, 0.3076923076923077]
[27, 0.9411764705882353, 0.3227499420484129, [[160, 4], [6, 0]], 0.9411764705882353, 0.0, 0.0, 0.0]
[28, 0.9411764705882353, 0.2807754988157091, [[160, 7], [3, 0]], 0.9411764705882353, 0.0, 0.0, 0.0]
[29, 0.9588235294117647, 0.3022218154517908, [[163, 1], [6, 0]], 0.9588235294117647, 0.0, 0.0, 0.0]
[30, 0.8941176470588236, 0.3987532606580863, [[149, 11], [7, 3]], 0.8941176470588236, 0.21428571428571427, 0.3, 0.25]
[31, 0.9764705882352941, 0.2601035858008503, [[166, 1], [3, 0]], 0.9764705882352941, 0.0, 0.0, 0.0]
[32, 0.9882352941176471, 0.22726435513161963, [[168, 0], [2, 0]], 0.9882352941176471, 0.0, 0.0, 0.0]
[33, 0.9823529411764705, 0.22651975506970096, [[167, 0], [3, 0]], 0.9823529411764705, 0.0, 0.0, 0.0]
[34, 0.9, 0.3566531146405668, [[153, 5], [12, 0]], 0.9, 0.0, 0.0, 0.0]
[35, 0.8, 0.5185524029834769, [[129, 13], [21, 7]], 0.8, 0.35, 0.25, 0.2916666666666667]
[36, 0.9470588235294117, 0.31334347437239296, [[160, 7], [2, 1]], 0.9470588235294117, 0.125, 0.3333333333333333, 0.18181818181818182]
[37, 0.9705882352941176, 0.2412390346941133, [[165, 1], [4, 0]], 0.9705882352941176, 0.0, 0.0, 0.0]
[38, 0.9705882352941176, 0.25336938046750374, [[165, 0], [5, 0]], 0.9705882352941176, 0.0, 0.0, 0.0]
[39, 0.8705882352941177, 0.44416140526475983, [[145, 12], [10, 3]], 0.8705882352941177, 0.2, 0.23076923076923078, 0.21428571428571427]
[40, 0.9705882352941176, 0.24463947198103927, [[165, 3], [2, 0]], 0.9705882352941176, 0.0, 0.0, 0.0]
[41, 0.9235294117647059, 0.3278179338964969, [[155, 9], [4, 2]], 0.9235294117647059, 0.18181818181818182, 0.3333333333333333, 0.23529411764705885]
[42, 0.788235294117647, 0.5031755011691199, [[131, 18], [18, 3]], 0.788235294117647, 0.14285714285714285, 0.14285714285714285, 0.14285714285714285]
[43, 0.9764705882352941, 0.29200629120214255, [[166, 0], [4, 0]], 0.9764705882352941, 0.0, 0.0, 0.0]
[44, 0.9882352941176471, 0.23744136353737796, [[168, 1], [1, 0]], 0.9882352941176471, 0.0, 0.0, 0.0]
[45, 0.9882352941176471, 0.21997185844291747, [[168, 1], [1, 0]], 0.9882352941176471, 0.0, 0.0, 0.0]
[46, 0.9705882352941176, 0.2819345059297426, [[165, 1], [4, 0]], 0.9705882352941176, 0.0, 0.0, 0.0]
[47, 0.9882352941176471, 0.21823426778682556, [[168, 1], [1, 0]], 0.9882352941176471, 0.0, 0.0, 0.0]
[48, 0.9823529411764705, 0.21980349667924268, [[167, 2], [1, 0]], 0.9823529411764705, 0.0, 0.0, 0.0]
[49, 0.9882352941176471, 0.21477899516064156, [[168, 1], [1, 0]], 0.9882352941176471, 0.0, 0.0, 0.0]
[50, 0.9470588235294117, 0.28061074736337277, [[161, 3], [6, 0]], 0.9470588235294117, 0.0, 0.0, 0.0]
[51, 0.9882352941176471, 0.2352734464819277, [[168, 0], [2, 0]], 0.9882352941176471, 0.0, 0.0, 0.0]
[52, 0.9882352941176471, 0.22032156136632955, [[168, 1], [1, 0]], 0.9882352941176471, 0.0, 0.0, 0.0]
[53, 0.9588235294117647, 0.2672573018716897, [[163, 3], [4, 0]], 0.9588235294117647, 0.0, 0.0, 0.0]
[54, 0.9058823529411765, 0.3717126642643066, [[150, 9], [7, 4]], 0.9058823529411765, 0.3076923076923077, 0.36363636363636365, 0.33333333333333337]
[55, 0.7941176470588235, 0.4981116660753404, [[132, 22], [13, 3]], 0.7941176470588235, 0.12, 0.1875, 0.14634146341463414]
[56, 0.9176470588235294, 0.37474583669099043, [[156, 4], [10, 0]], 0.9176470588235294, 0.0, 0.0, 0.0]
[57, 0.9941176470588236, 0.20952666081718802, [[169, 0], [1, 0]], 0.9941176470588236, 0.0, 0.0, 0.0]
[58, 0.9882352941176471, 0.21801665192319788, [[168, 1], [1, 0]], 0.9882352941176471, 0.0, 0.0, 0.0]
[59, 0.9823529411764705, 0.24377056986443213, [[167, 2], [1, 0]], 0.9823529411764705, 0.0, 0.0, 0.0]
[60, 0.9882352941176471, 0.23746835662228977, [[168, 0], [2, 0]], 0.9882352941176471, 0.0, 0.0, 0.0]
[61, 0.9823529411764705, 0.2378391977389791, [[167, 2], [1, 0]], 0.9823529411764705, 0.0, 0.0, 0.0]
[62, 0.9823529411764705, 0.26862769602735237, [[167, 1], [2, 0]], 0.9823529411764705, 0.0, 0.0, 0.0]
[63, 0.9941176470588236, 0.21698359582518245, [[169, 0], [1, 0]], 0.9941176470588236, 0.0, 0.0, 0.0]
[64, 0.9941176470588236, 0.21369780209357572, [[169, 0], [1, 0]], 0.9941176470588236, 0.0, 0.0, 0.0]
[65, 0.8764705882352941, 0.42750145628414654, [[146, 13], [8, 3]], 0.8764705882352941, 0.1875, 0.2727272727272727, 0.2222222222222222]
[66, 0.9529411764705882, 0.30656395244678963, [[162, 2], [6, 0]], 0.9529411764705882, 0.0, 0.0, 0.0]
[67, 0.9529411764705882, 0.3171482382022984, [[162, 3], [5, 0]], 0.9529411764705882, 0.0, 0.0, 0.0]
[68, 0.9647058823529412, 0.2752987913913266, [[164, 1], [5, 0]], 0.9647058823529412, 0.0, 0.0, 0.0]
[69, 0.9588235294117647, 0.30709710010476143, [[162, 3], [4, 1]], 0.9588235294117647, 0.25, 0.2, 0.22222222222222224]
[70, 0.9823529411764705, 0.22029748641192304, [[167, 2], [1, 0]], 0.9823529411764705, 0.0, 0.0, 0.0]
[71, 1.0, 0.22029748641192304, [[170]], 1.0, 0.0, 0.0, 0.0]
[72, 1.0, 0.22029748641192304, [[170]], 1.0, 0.0, 0.0, 0.0]
[73, 0.9588235294117647, 0.24481183963747283, [[163, 5], [2, 0]], 0.9588235294117647, 0.0, 0.0, 0.0]
[74, 0.9882352941176471, 0.24481183963747283, [[168, 2], [0, 0]], 0.9882352941176471, 0.0, 0.0, 0.0]
[75, 0.9705882352941176, 0.23799325372007388, [[165, 2], [3, 0]], 0.9705882352941176, 0.0, 0.0, 0.0]
[76, 0.9764705882352941, 0.24449439001490314, [[166, 0], [4, 0]], 0.9764705882352941, 0.0, 0.0, 0.0]
[77, 0.9823529411764705, 0.22789078290368922, [[167, 0], [3, 0]], 0.9823529411764705, 0.0, 0.0, 0.0]
[78, 0.9823529411764705, 0.22789078290368922, [[167, 0], [3, 0]], 0.9823529411764705, 0.0, 0.0, 0.0]
[79, 0.9176470588235294, 0.36046978389598605, [[154, 4], [10, 2]], 0.9176470588235294, 0.3333333333333333, 0.16666666666666666, 0.2222222222222222]
[80, 0.9823529411764705, 0.22491851104539604, [[167, 2], [1, 0]], 0.9823529411764705, 0.0, 0.0, 0.0]
[81, 0.8647058823529412, 0.42014807597049963, [[139, 14], [9, 8]], 0.8647058823529412, 0.36363636363636365, 0.47058823529411764, 0.41025641025641024]
[82, 0.9941176470588236, 0.42014807597049963, [[169, 1], [0, 0]], 0.9941176470588236, 0.0, 0.0, 0.0]
[83, 0.9823529411764705, 0.22563762971873705, [[167, 1], [2, 0]], 0.9823529411764705, 0.0, 0.0, 0.0]
[84, 0.9, 0.4129536573348999, [[151, 6], [11, 2]], 0.9, 0.25, 0.15384615384615385, 0.1904761904761905]
[85, 0.9764705882352941, 0.264531856884648, [[166, 2], [2, 0]], 0.9764705882352941, 0.0, 0.0, 0.0]
[86, 0.9411764705882353, 0.31435740520509314, [[160, 8], [2, 0]], 0.9411764705882353, 0.0, 0.0, 0.0]
[87, 0.9352941176470588, 0.3083628403008723, [[157, 6], [5, 2]], 0.9352941176470588, 0.25, 0.2857142857142857, 0.26666666666666666]
[88, 0.9882352941176471, 0.21709291764413557, [[168, 1], [1, 0]], 0.9882352941176471, 0.0, 0.0, 0.0]
[89, 0.9882352941176471, 0.21709291764413557, [[168, 2], [0, 0]], 0.9882352941176471, 0.0, 0.0, 0.0]
[90, 0.9941176470588236, 0.21870540877199912, [[169, 0], [1, 0]], 0.9941176470588236, 0.0, 0.0, 0.0]
[91, 0.9764705882352941, 0.2747343824830312, [[166, 2], [2, 0]], 0.9764705882352941, 0.0, 0.0, 0.0]
[92, 0.9588235294117647, 0.2668417844534144, [[163, 6], [1, 0]], 0.9588235294117647, 0.0, 0.0, 0.0]
[93, 0.9941176470588236, 0.2668417844534144, [[169, 1], [0, 0]], 0.9941176470588236, 0.0, 0.0, 0.0]
[94, 0.9470588235294117, 0.33156621198872377, [[161, 3], [6, 0]], 0.9470588235294117, 0.0, 0.0, 0.0]
[95, 1.0, 0.33156621198872377, [[170]], 1.0, 0.0, 0.0, 0.0]
[96, 1.0, 0.33156621198872377, [[170]], 1.0, 0.0, 0.0, 0.0]
[97, 0.9529411764705882, 0.2673201687184886, [[162, 5], [3, 0]], 0.9529411764705882, 0.0, 0.0, 0.0]
[98, 0.9823529411764705, 0.22227157808723363, [[167, 2], [1, 0]], 0.9823529411764705, 0.0, 0.0, 0.0]
[99, 0.9941176470588236, 0.22227157808723363, [[169, 1], [0, 0]], 0.9941176470588236, 0.0, 0.0, 0.0]
[100, 0.9823529411764705, 0.23193252587678187, [[167, 0], [3, 0]], 0.9823529411764705, 0.0, 0.0, 0.0]
[101, 0.9882352941176471, 0.21419743106257005, [[168, 1], [1, 0]], 0.9882352941176471, 0.0, 0.0, 0.0]
[102, 0.9823529411764705, 0.22286356619982273, [[167, 1], [2, 0]], 0.9823529411764705, 0.0, 0.0, 0.0]
[103, 0.9941176470588236, 0.21683224754737104, [[169, 0], [1, 0]], 0.9941176470588236, 0.0, 0.0, 0.0]
[104, 0.9882352941176471, 0.21941147732185776, [[168, 1], [1, 0]], 0.9882352941176471, 0.0, 0.0, 0.0]
[105, 1.0, 0.21941147732185776, [[170]], 1.0, 0.0, 0.0, 0.0]
[106, 1.0, 0.21941147732185776, [[170]], 1.0, 0.0, 0.0, 0.0]
[107, 0.9764705882352941, 0.23360998838958466, [[166, 2], [2, 0]], 0.9764705882352941, 0.0, 0.0, 0.0]
[108, 1.0, 0.23360998838958466, [[170]], 1.0, 0.0, 0.0, 0.0]
[109, 1.0, 0.23360998838958466, [[170]], 1.0, 0.0, 0.0, 0.0]
[110, 0.9941176470588236, 0.23360998838958466, [[169, 1], [0, 0]], 0.9941176470588236, 0.0, 0.0, 0.0]
[111, 0.9647058823529412, 0.2787260262665616, [[164, 0], [6, 0]], 0.9647058823529412, 0.0, 0.0, 0.0]
[112, 0.9882352941176471, 0.21957099911667424, [[168, 1], [1, 0]], 0.9882352941176471, 0.0, 0.0, 0.0]
[113, 0.9588235294117647, 0.28957794696655365, [[163, 4], [3, 0]], 0.9588235294117647, 0.0, 0.0, 0.0]
[114, 1.0, 0.28957794696655365, [[170]], 1.0, 0.0, 0.0, 0.0]
[115, 1.0, 0.28957794696655365, [[170]], 1.0, 0.0, 0.0, 0.0]
[116, 0.9882352941176471, 0.21856703325887933, [[167, 1], [1, 1]], 0.9882352941176471, 0.5, 0.5, 0.5]
[117, 0.9941176470588236, 0.21856703325887933, [[169, 1], [0, 0]], 0.9941176470588236, 0.0, 0.0, 0.0]
[118, 0.9941176470588236, 0.21856703325887933, [[169, 1], [0, 0]], 0.9941176470588236, 0.0, 0.0, 0.0]
[119, 0.9941176470588236, 0.21856703325887933, [[169, 1], [0, 0]], 0.9941176470588236, 0.0, 0.0, 0.0]
[120, 0.9941176470588236, 0.21856703325887933, [[169, 1], [0, 0]], 0.9941176470588236, 0.0, 0.0, 0.0]
[121, 0.9941176470588236, 0.21856703325887933, [[169, 1], [0, 0]], 0.9941176470588236, 0.0, 0.0, 0.0]
[122, 0.9941176470588236, 0.21856703325887933, [[169, 1], [0, 0]], 0.9941176470588236, 0.0, 0.0, 0.0]
[123, 0.9882352941176471, 0.21856703325887933, [[168, 2], [0, 0]], 0.9882352941176471, 0.0, 0.0, 0.0]
[124, 0.9882352941176471, 0.21856703325887933, [[168, 2], [0, 0]], 0.9882352941176471, 0.0, 0.0, 0.0]
[125, 0.9882352941176471, 0.21856703325887933, [[168, 2], [0, 0]], 0.9882352941176471, 0.0, 0.0, 0.0]
[126, 0.9882352941176471, 0.21856703325887933, [[168, 2], [0, 0]], 0.9882352941176471, 0.0, 0.0, 0.0]
[127, 1.0, 0.21856703325887933, [[170]], 1.0, 0.0, 0.0, 0.0]
[128, 0.9882352941176471, 0.21856703325887933, [[168, 2], [0, 0]], 0.9882352941176471, 0.0, 0.0, 0.0]
[129, 0.9588235294117647, 0.24991601012659037, [[163, 6], [1, 0]], 0.9588235294117647, 0.0, 0.0, 0.0]
[130, 0.9647058823529412, 0.2709940302588327, [[164, 5], [1, 0]], 0.9647058823529412, 0.0, 0.0, 0.0]
[131, 1.0, 0.2709940302588327, [[170]], 1.0, 0.0, 0.0, 0.0]
[132, 1.0, 0.2709940302588327, [[170]], 1.0, 0.0, 0.0, 0.0]
[133, 1.0, 0.2709940302588327, [[170]], 1.0, 0.0, 0.0, 0.0]
[134, 0.9411764705882353, 0.28682581404880847, [[160, 5], [5, 0]], 0.9411764705882353, 0.0, 0.0, 0.0]
[135, 0.9529411764705882, 0.27351116061096253, [[162, 3], [5, 0]], 0.9529411764705882, 0.0, 0.0, 0.0]
[136, 0.9647058823529412, 0.2606992922505248, [[164, 4], [2, 0]], 0.9647058823529412, 0.0, 0.0, 0.0]
[137, 0.9941176470588236, 0.2606992922505248, [[169, 1], [0, 0]], 0.9941176470588236, 0.0, 0.0, 0.0]
[138, 1.0, 0.2606992922505248, [[170]], 1.0, 0.0, 0.0, 0.0]
[139, 0.9941176470588236, 0.2606992922505248, [[169, 1], [0, 0]], 0.9941176470588236, 0.0, 0.0, 0.0]
[140, 0.9529411764705882, 0.2824249778103181, [[162, 4], [4, 0]], 0.9529411764705882, 0.0, 0.0, 0.0]
[141, 0.9294117647058824, 0.357846751246395, [[157, 2], [10, 1]], 0.9294117647058824, 0.3333333333333333, 0.09090909090909091, 0.14285714285714288]
[142, 0.9823529411764705, 0.22041647561382843, [[167, 2], [1, 0]], 0.9823529411764705, 0.0, 0.0, 0.0]
[143, 0.9941176470588236, 0.21190060800682067, [[169, 0], [1, 0]], 0.9941176470588236, 0.0, 0.0, 0.0]
[144, 0.9941176470588236, 0.21190060800682067, [[169, 0], [1, 0]], 0.9941176470588236, 0.0, 0.0, 0.0]
[145, 0.9764705882352941, 0.2584626879749131, [[166, 2], [2, 0]], 0.9764705882352941, 0.0, 0.0, 0.0]
[146, 1.0, 0.2584626879749131, [[170]], 1.0, 0.0, 0.0, 0.0]
[147, 0.9764705882352941, 0.23569348976568152, [[166, 3], [1, 0]], 0.9764705882352941, 0.0, 0.0, 0.0]
[148, 1.0, 0.23569348976568152, [[170]], 1.0, 0.0, 0.0, 0.0]
[149, 1.0, 0.23569348976568152, [[170]], 1.0, 0.0, 0.0, 0.0]
[150, 0.9941176470588236, 0.23569348976568152, [[169, 1], [0, 0]], 0.9941176470588236, 0.0, 0.0, 0.0]
[151, 0.9882352941176471, 0.2161289924985915, [[168, 1], [1, 0]], 0.9882352941176471, 0.0, 0.0, 0.0]
[152, 0.9941176470588236, 0.21353559158053093, [[169, 0], [1, 0]], 0.9941176470588236, 0.0, 0.0, 0.0]
[153, 1.0, 0.21353559158053093, [[170]], 1.0, 0.0, 0.0, 0.0]
[154, 1.0, 0.21353559158053093, [[170]], 1.0, 0.0, 0.0, 0.0]
[155, 1.0, 0.21353559158053093, [[170]], 1.0, 0.0, 0.0, 0.0]
[156, 1.0, 0.21353559158053093, [[170]], 1.0, 0.0, 0.0, 0.0]
[157, 1.0, 0.21353559158053093, [[170]], 1.0, 0.0, 0.0, 0.0]
[158, 1.0, 0.21353559158053093, [[170]], 1.0, 0.0, 0.0, 0.0]
[159, 0.9882352941176471, 0.26922537788515377, [[168, 1], [1, 0]], 0.9882352941176471, 0.0, 0.0, 0.0]
[160, 0.9941176470588236, 0.2114604023175787, [[169, 0], [1, 0]], 0.9941176470588236, 0.0, 0.0, 0.0]
[161, 1.0, 0.2114604023175787, [[170]], 1.0, 0.0, 0.0, 0.0]
[162, 1.0, 0.2114604023175787, [[170]], 1.0, 0.0, 0.0, 0.0]
[163, 0.9882352941176471, 0.2114604023175787, [[168, 2], [0, 0]], 0.9882352941176471, 0.0, 0.0, 0.0]
[167, 0.9882352941176471, 0.2172876025976724, [[168, 0], [2, 0]], 0.9882352941176471, 0.0, 0.0, 0.0]
[168, 0.9882352941176471, 0.2172876025976724, [[168, 2], [0, 0]], 0.9882352941176471, 0.0, 0.0, 0.0]
[169, 0.9882352941176471, 0.2172876025976724, [[168, 2], [0, 0]], 0.9882352941176471, 0.0, 0.0, 0.0]
[170, 0.9823529411764705, 0.23395944343998615, [[167, 2], [1, 0]], 0.9823529411764705, 0.0, 0.0, 0.0]
[171, 1.0, 0.23395944343998615, [[170]], 1.0, 0.0, 0.0, 0.0]
[172, 1.0, 0.23395944343998615, [[170]], 1.0, 0.0, 0.0, 0.0]
[173, 1.0, 0.23395944343998615, [[170]], 1.0, 0.0, 0.0, 0.0]
[174, 0.9941176470588236, 0.21006785438238443, [[169, 0], [1, 0]], 0.9941176470588236, 0.0, 0.0, 0.0]
[175, 0.9647058823529412, 0.24372185356901704, [[164, 4], [2, 0]], 0.9647058823529412, 0.0, 0.0, 0.0]
[176, 0.9941176470588236, 0.24372185356901704, [[169, 1], [0, 0]], 0.9941176470588236, 0.0, 0.0, 0.0]
[177, 0.9941176470588236, 0.24372185356901704, [[169, 1], [0, 0]], 0.9941176470588236, 0.0, 0.0, 0.0]
[178, 0.9941176470588236, 0.24372185356901704, [[169, 1], [0, 0]], 0.9941176470588236, 0.0, 0.0, 0.0]
[179, 0.9941176470588236, 0.24372185356901704, [[169, 1], [0, 0]], 0.9941176470588236, 0.0, 0.0, 0.0]
[180, 0.9941176470588236, 0.24372185356901704, [[169, 1], [0, 0]], 0.9941176470588236, 0.0, 0.0, 0.0]
[181, 1.0, 0.24372185356901704, [[170]], 1.0, 0.0, 0.0, 0.0]
[182, 0.9882352941176471, 0.22439087531500068, [[168, 1], [1, 0]], 0.9882352941176471, 0.0, 0.0, 0.0]
[183, 1.0, 0.22439087531500068, [[170]], 1.0, 0.0, 0.0, 0.0]
[184, 0.9647058823529412, 0.2575076917941986, [[164, 2], [4, 0]], 0.9647058823529412, 0.0, 0.0, 0.0]
[185, 1.0, 0.2575076917941986, [[170]], 1.0, 0.0, 0.0, 0.0]
[186, 1.0, 0.2575076917941986, [[170]], 1.0, 0.0, 0.0, 0.0]
[187, 1.0, 0.2575076917941986, [[170]], 1.0, 0.0, 0.0, 0.0]
[188, 1.0, 0.2575076917941986, [[170]], 1.0, 0.0, 0.0, 0.0]
[189, 0.9941176470588236, 0.20854603179034484, [[169, 0], [1, 0]], 0.9941176470588236, 0.0, 0.0, 0.0]
[190, 0.9941176470588236, 0.20854603179034484, [[169, 0], [1, 0]], 0.9941176470588236, 0.0, 0.0, 0.0]
[191, 0.9941176470588236, 0.20854603179034484, [[169, 0], [1, 0]], 0.9941176470588236, 0.0, 0.0, 0.0]
[192, 0.9941176470588236, 0.20854603179034484, [[169, 0], [1, 0]], 0.9941176470588236, 0.0, 0.0, 0.0]
[193, 0.9941176470588236, 0.20854603179034484, [[169, 0], [1, 0]], 0.9941176470588236, 0.0, 0.0, 0.0]
[194, 0.9705882352941176, 0.25177628466339297, [[165, 3], [2, 0]], 0.9705882352941176, 0.0, 0.0, 0.0]
[195, 0.9941176470588236, 0.20854603179034484, [[169, 0], [1, 0]], 0.9941176470588236, 0.0, 0.0, 0.0]
[196, 1.0, 0.20854603179034484, [[170]], 1.0, 0.0, 0.0, 0.0]
[197, 0.9411764705882353, 0.28618398154308183, [[160, 3], [7, 0]], 0.9411764705882353, 0.0, 0.0, 0.0]
[198, 1.0, 0.28618398154308183, [[170]], 1.0, 0.0, 0.0, 0.0]
[199, 1.0, 0.28618398154308183, [[170]], 1.0, 0.0, 0.0, 0.0]
[200, 1.0, 0.28618398154308183, [[170]], 1.0, 0.0, 0.0, 0.0]
[201, 0.9529411764705882, 0.27924197892279445, [[162, 4], [4, 0]], 0.9529411764705882, 0.0, 0.0, 0.0]
[202, 0.9941176470588236, 0.20678989037145232, [[169, 0], [1, 0]], 0.9941176470588236, 0.0, 0.0, 0.0]
[203, 0.9882352941176471, 0.20678989037145232, [[168, 2], [0, 0]], 0.9882352941176471, 0.0, 0.0, 0.0]
[204, 0.9235294117647059, 0.3434027691319072, [[156, 8], [5, 1]], 0.9235294117647059, 0.1111111111111111, 0.16666666666666666, 0.13333333333333333]
[205, 0.9823529411764705, 0.24146625860182006, [[167, 2], [1, 0]], 0.9823529411764705, 0.0, 0.0, 0.0]
[206, 0.9411764705882353, 0.2772183911133715, [[160, 6], [4, 0]], 0.9411764705882353, 0.0, 0.0, 0.0]
[207, 0.9941176470588236, 0.2772183911133715, [[169, 1], [0, 0]], 0.9941176470588236, 0.0, 0.0, 0.0]
[208, 0.9470588235294117, 0.2806644979105982, [[160, 6], [3, 1]], 0.9470588235294117, 0.14285714285714285, 0.25, 0.18181818181818182]
[209, 0.9823529411764705, 0.23575994632972538, [[167, 1], [2, 0]], 0.9823529411764705, 0.0, 0.0, 0.0]
[210, 1.0, 0.23575994632972538, [[170]], 1.0, 0.0, 0.0, 0.0]
[211, 0.9823529411764705, 0.21883365353088505, [[167, 2], [1, 0]], 0.9823529411764705, 0.0, 0.0, 0.0]
[212, 0.9882352941176471, 0.21883365353088505, [[168, 2], [0, 0]], 0.9882352941176471, 0.0, 0.0, 0.0]
[213, 1.0, 0.21883365353088505, [[170]], 1.0, 0.0, 0.0, 0.0]
[214, 0.9941176470588236, 0.20720366020697753, [[169, 0], [1, 0]], 0.9941176470588236, 0.0, 0.0, 0.0]
[215, 1.0, 0.20720366020697753, [[170]], 1.0, 0.0, 0.0, 0.0]
[216, 1.0, 0.20720366020697753, [[170]], 1.0, 0.0, 0.0, 0.0]
[217, 1.0, 0.20720366020697753, [[170]], 1.0, 0.0, 0.0, 0.0]
[218, 0.9647058823529412, 0.27023151017860425, [[164, 3], [3, 0]], 0.9647058823529412, 0.0, 0.0, 0.0]
[219, 0.9294117647058824, 0.3361591849024285, [[157, 2], [10, 1]], 0.9294117647058824, 0.3333333333333333, 0.09090909090909091, 0.14285714285714288]
[220, 0.9882352941176471, 0.3361591849024285, [[168, 2], [0, 0]], 0.9882352941176471, 0.0, 0.0, 0.0]
[221, 0.9882352941176471, 0.2172415024839662, [[168, 1], [1, 0]], 0.9882352941176471, 0.0, 0.0, 0.0]
[222, 0.9882352941176471, 0.2172415024839662, [[168, 1], [1, 0]], 0.9882352941176471, 0.0, 0.0, 0.0]
[223, 0.9882352941176471, 0.2172415024839662, [[168, 2], [0, 0]], 0.9882352941176471, 0.0, 0.0, 0.0]
[224, 1.0, 0.2172415024839662, [[170]], 1.0, 0.0, 0.0, 0.0]
[225, 0.9647058823529412, 0.26077812650017096, [[164, 3], [3, 0]], 0.9647058823529412, 0.0, 0.0, 0.0]
[226, 0.9941176470588236, 0.20732742683369285, [[169, 0], [1, 0]], 0.9941176470588236, 0.0, 0.0, 0.0]
[227, 0.9941176470588236, 0.20732742683369285, [[169, 0], [1, 0]], 0.9941176470588236, 0.0, 0.0, 0.0]
[228, 0.888235294117647, 0.3986044151438226, [[149, 9], [10, 2]], 0.888235294117647, 0.18181818181818182, 0.16666666666666666, 0.17391304347826086]
[229, 0.9941176470588236, 0.20732742683369285, [[169, 0], [1, 0]], 0.9941176470588236, 0.0, 0.0, 0.0]
[230, 0.9941176470588236, 0.2147850069736288, [[169, 0], [1, 0]], 0.9941176470588236, 0.0, 0.0, 0.0]
[231, 1.0, 0.2147850069736288, [[170]], 1.0, 0.0, 0.0, 0.0]
[232, 1.0, 0.2147850069736288, [[170]], 1.0, 0.0, 0.0, 0.0]
[233, 0.9882352941176471, 0.2172696232113543, [[168, 1], [1, 0]], 0.9882352941176471, 0.0, 0.0, 0.0]
[234, 0.9882352941176471, 0.2172696232113543, [[168, 1], [1, 0]], 0.9882352941176471, 0.0, 0.0, 0.0]
[235, 0.9882352941176471, 0.2140057789638627, [[168, 1], [1, 0]], 0.9882352941176471, 0.0, 0.0, 0.0]
[236, 0.9941176470588236, 0.21079851776287986, [[169, 0], [1, 0]], 0.9941176470588236, 0.0, 0.0, 0.0]
[237, 1.0, 0.21079851776287986, [[170]], 1.0, 0.0, 0.0, 0.0]
[238, 1.0, 0.21079851776287986, [[170]], 1.0, 0.0, 0.0, 0.0]
[239, 0.9941176470588236, 0.21859036613245433, [[169, 0], [1, 0]], 0.9941176470588236, 0.0, 0.0, 0.0]
[240, 1.0, 0.21859036613245433, [[170]], 1.0, 0.0, 0.0, 0.0]
[241, 0.9941176470588236, 0.20720647412675855, [[169, 0], [1, 0]], 0.9941176470588236, 0.0, 0.0, 0.0]
[242, 0.9823529411764705, 0.2346181360164977, [[167, 2], [1, 0]], 0.9823529411764705, 0.0, 0.0, 0.0]
[243, 1.0, 0.2346181360164977, [[170]], 1.0, 0.0, 0.0, 0.0]
[244, 0.9411764705882353, 0.29395115941534916, [[160, 4], [6, 0]], 0.9411764705882353, 0.0, 0.0, 0.0]
[245, 0.9823529411764705, 0.2256222450526502, [[167, 0], [3, 0]], 0.9823529411764705, 0.0, 0.0, 0.0]
[246, 0.9823529411764705, 0.22880960545306087, [[167, 0], [3, 0]], 0.9823529411764705, 0.0, 0.0, 0.0]
[247, 0.9941176470588236, 0.23113543793365435, [[169, 0], [1, 0]], 0.9941176470588236, 0.0, 0.0, 0.0]
[248, 0.9941176470588236, 0.21006665890979526, [[169, 0], [1, 0]], 0.9941176470588236, 0.0, 0.0, 0.0]
[249, 0.9764705882352941, 0.23059103222793406, [[166, 3], [1, 0]], 0.9764705882352941, 0.0, 0.0, 0.0]
[250, 0.9941176470588236, 0.21006665890979526, [[169, 0], [1, 0]], 0.9941176470588236, 0.0, 0.0, 0.0]
[251, 0.9941176470588236, 0.208665132962038, [[169, 0], [1, 0]], 0.9941176470588236, 0.0, 0.0, 0.0]
[252, 0.9941176470588236, 0.208665132962038, [[169, 0], [1, 0]], 0.9941176470588236, 0.0, 0.0, 0.0]
[253, 0.9941176470588236, 0.208665132962038, [[169, 0], [1, 0]], 0.9941176470588236, 0.0, 0.0, 0.0]
[254, 0.9941176470588236, 0.208665132962038, [[169, 1], [0, 0]], 0.9941176470588236, 0.0, 0.0, 0.0]
[255, 0.9705882352941176, 0.24225445286368588, [[165, 3], [2, 0]], 0.9705882352941176, 0.0, 0.0, 0.0]
[256, 0.9823529411764705, 0.24225445286368588, [[167, 3], [0, 0]], 0.9823529411764705, 0.0, 0.0, 0.0]
[257, 0.9823529411764705, 0.24225445286368588, [[167, 3], [0, 0]], 0.9823529411764705, 0.0, 0.0, 0.0]
[258, 1.0, 0.24225445286368588, [[170]], 1.0, 0.0, 0.0, 0.0]
[259, 0.9823529411764705, 0.21833015612316925, [[167, 2], [1, 0]], 0.9823529411764705, 0.0, 0.0, 0.0]
[260, 0.9823529411764705, 0.22606633734033157, [[167, 2], [1, 0]], 0.9823529411764705, 0.0, 0.0, 0.0]
[261, 1.0, 0.22606633734033157, [[170]], 1.0, 0.0, 0.0, 0.0]
[262, 0.9823529411764705, 0.2233250967940141, [[167, 2], [1, 0]], 0.9823529411764705, 0.0, 0.0, 0.0]
[263, 1.0, 0.2233250967940141, [[170]], 1.0, 0.0, 0.0, 0.0]
[264, 1.0, 0.2233250967940141, [[170]], 1.0, 0.0, 0.0, 0.0]
[265, 1.0, 0.2233250967940141, [[170]], 1.0, 0.0, 0.0, 0.0]
[266, 1.0, 0.2233250967940141, [[170]], 1.0, 0.0, 0.0, 0.0]
[267, 0.9882352941176471, 0.2233250967940141, [[168, 2], [0, 0]], 0.9882352941176471, 0.0, 0.0, 0.0]
[268, 0.9882352941176471, 0.2233250967940141, [[168, 2], [0, 0]], 0.9882352941176471, 0.0, 0.0, 0.0]
[269, 1.0, 0.2233250967940141, [[170]], 1.0, 0.0, 0.0, 0.0]
[270, 1.0, 0.2233250967940141, [[170]], 1.0, 0.0, 0.0, 0.0]
[271, 1.0, 0.2233250967940141, [[170]], 1.0, 0.0, 0.0, 0.0]
[272, 1.0, 0.2233250967940141, [[170]], 1.0, 0.0, 0.0, 0.0]
[273, 0.9823529411764705, 0.2233250967940141, [[167, 3], [0, 0]], 0.9823529411764705, 0.0, 0.0, 0.0]
[274, 0.9764705882352941, 0.23291223401509897, [[166, 2], [2, 0]], 0.9764705882352941, 0.0, 0.0, 0.0]
[275, 1.0, 0.23291223401509897, [[170]], 1.0, 0.0, 0.0, 0.0]
[276, 1.0, 0.23291223401509897, [[170]], 1.0, 0.0, 0.0, 0.0]
[277, 1.0, 0.23291223401509897, [[170]], 1.0, 0.0, 0.0, 0.0]
[278, 1.0, 0.23291223401509897, [[170]], 1.0, 0.0, 0.0, 0.0]
[279, 1.0, 0.23291223401509897, [[170]], 1.0, 0.0, 0.0, 0.0]
[280, 1.0, 0.23291223401509897, [[170]], 1.0, 0.0, 0.0, 0.0]
[281, 1.0, 0.23291223401509897, [[170]], 1.0, 0.0, 0.0, 0.0]
[282, 0.9941176470588236, 0.23291223401509897, [[169, 1], [0, 0]], 0.9941176470588236, 0.0, 0.0, 0.0]
[283, 0.9823529411764705, 0.23291223401509897, [[167, 3], [0, 0]], 0.9823529411764705, 0.0, 0.0, 0.0]
[284, 0.9941176470588236, 0.23291223401509897, [[169, 1], [0, 0]], 0.9941176470588236, 0.0, 0.0, 0.0]
[285, 0.9941176470588236, 0.23291223401509897, [[169, 1], [0, 0]], 0.9941176470588236, 0.0, 0.0, 0.0]
[286, 0.9941176470588236, 0.23291223401509897, [[169, 1], [0, 0]], 0.9941176470588236, 0.0, 0.0, 0.0]
[287, 0.9941176470588236, 0.23291223401509897, [[169, 1], [0, 0]], 0.9941176470588236, 0.0, 0.0, 0.0]
[288, 0.9882352941176471, 0.21615315345899236, [[168, 0], [2, 0]], 0.9882352941176471, 0.0, 0.0, 0.0]
[289, 0.9882352941176471, 0.21661504862322767, [[168, 1], [1, 0]], 0.9882352941176471, 0.0, 0.0, 0.0]
[290, 0.9882352941176471, 0.21661504862322767, [[168, 1], [1, 0]], 0.9882352941176471, 0.0, 0.0, 0.0]
[291, 0.9882352941176471, 0.21661504862322767, [[168, 1], [1, 0]], 0.9882352941176471, 0.0, 0.0, 0.0]
[292, 0.9705882352941176, 0.23459210325298155, [[165, 3], [2, 0]], 0.9705882352941176, 0.0, 0.0, 0.0]
[293, 0.9705882352941176, 0.23459210325298155, [[165, 3], [2, 0]], 0.9705882352941176, 0.0, 0.0, 0.0]
[294, 0.9705882352941176, 0.22893626881329412, [[165, 3], [2, 0]], 0.9705882352941176, 0.0, 0.0, 0.0]
[295, 0.9941176470588236, 0.22893626881329412, [[169, 1], [0, 0]], 0.9941176470588236, 0.0, 0.0, 0.0]
[296, 0.9823529411764705, 0.22701524323343453, [[167, 0], [3, 0]], 0.9823529411764705, 0.0, 0.0, 0.0]
[297, 1.0, 0.22701524323343453, [[170]], 1.0, 0.0, 0.0, 0.0]
[298, 1.0, 0.22701524323343453, [[170]], 1.0, 0.0, 0.0, 0.0]
[299, 1.0, 0.22701524323343453, [[170]], 1.0, 0.0, 0.0, 0.0]
[300, 1.0, 0.22701524323343453, [[170]], 1.0, 0.0, 0.0, 0.0]
[301, 0.9882352941176471, 0.21056208637040572, [[168, 1], [1, 0]], 0.9882352941176471, 0.0, 0.0, 0.0]
[302, 0.9529411764705882, 0.25939397631825356, [[161, 5], [3, 1]], 0.9529411764705882, 0.16666666666666666, 0.25, 0.2]
[303, 0.9823529411764705, 0.22567544550772078, [[167, 2], [1, 0]], 0.9823529411764705, 0.0, 0.0, 0.0]
[304, 0.9882352941176471, 0.22280463347423826, [[168, 0], [2, 0]], 0.9882352941176471, 0.0, 0.0, 0.0]
[305, 0.9941176470588236, 0.20705075737982065, [[169, 0], [1, 0]], 0.9941176470588236, 0.0, 0.0, 0.0]
[306, 1.0, 0.20705075737982065, [[170]], 1.0, 0.0, 0.0, 0.0]
[307, 1.0, 0.20705075737982065, [[170]], 1.0, 0.0, 0.0, 0.0]
[308, 0.9764705882352941, 0.24469295867400775, [[166, 1], [3, 0]], 0.9764705882352941, 0.0, 0.0, 0.0]
[309, 1.0, 0.24469295867400775, [[170]], 1.0, 0.0, 0.0, 0.0]
[310, 0.9941176470588236, 0.24469295867400775, [[169, 1], [0, 0]], 0.9941176470588236, 0.0, 0.0, 0.0]
[311, 0.9823529411764705, 0.26294367669816776, [[167, 0], [3, 0]], 0.9823529411764705, 0.0, 0.0, 0.0]
[312, 0.9941176470588236, 0.20960763337430793, [[168, 0], [1, 1]], 0.9941176470588236, 1.0, 0.5, 0.6666666666666666]
[313, 1.0, 0.20960763337430793, [[170]], 1.0, 0.0, 0.0, 0.0]
[314, 1.0, 0.20960763337430793, [[170]], 1.0, 0.0, 0.0, 0.0]
[315, 1.0, 0.20960763337430793, [[170]], 1.0, 0.0, 0.0, 0.0]
[316, 1.0, 0.20960763337430793, [[170]], 1.0, 0.0, 0.0, 0.0]
[317, 0.9941176470588236, 0.20960763337430793, [[169, 1], [0, 0]], 0.9941176470588236, 0.0, 0.0, 0.0]
[318, 0.9941176470588236, 0.20960763337430793, [[169, 1], [0, 0]], 0.9941176470588236, 0.0, 0.0, 0.0]
[319, 1.0, 0.20960763337430793, [[170]], 1.0, 0.0, 0.0, 0.0]
[320, 0.9941176470588236, 0.21257157467416135, [[169, 0], [1, 0]], 0.9941176470588236, 0.0, 0.0, 0.0]
[321, 0.9941176470588236, 0.21257157467416135, [[169, 1], [0, 0]], 0.9941176470588236, 0.0, 0.0, 0.0]
[322, 1.0, 0.21257157467416135, [[170]], 1.0, 0.0, 0.0, 0.0]
[323, 0.9941176470588236, 0.21383282218596997, [[169, 0], [1, 0]], 0.9941176470588236, 0.0, 0.0, 0.0]
[324, 0.9941176470588236, 0.21383282218596997, [[169, 0], [1, 0]], 0.9941176470588236, 0.0, 0.0, 0.0]
[325, 0.9764705882352941, 0.23507035369765414, [[166, 2], [2, 0]], 0.9764705882352941, 0.0, 0.0, 0.0]
[326, 0.9941176470588236, 0.23507035369765414, [[169, 1], [0, 0]], 0.9941176470588236, 0.0, 0.0, 0.0]
[327, 0.9941176470588236, 0.21922756008110098, [[169, 0], [1, 0]], 0.9941176470588236, 0.0, 0.0, 0.0]
[328, 0.9882352941176471, 0.21776215084575443, [[168, 1], [1, 0]], 0.9882352941176471, 0.0, 0.0, 0.0]
[329, 0.9882352941176471, 0.233030135012409, [[168, 0], [2, 0]], 0.9882352941176471, 0.0, 0.0, 0.0]
[330, 0.9764705882352941, 0.22699713279605768, [[166, 3], [1, 0]], 0.9764705882352941, 0.0, 0.0, 0.0]
[331, 0.9764705882352941, 0.22699713279605768, [[166, 3], [1, 0]], 0.9764705882352941, 0.0, 0.0, 0.0]
